
  0,0  0,0  0,0  0,0  0,0  0,0  0,0  0,0  0,0  0,0  0,0  0,0  0,0  0,0  0,0  0,0  0,0  0,0  0,0  0,0  0,0  0,0  0,0  0,0  0,0  0,0  0,0  0,0  0,0  0,0  0,0  0,0  0,0  0,0  0,0  0,0  0,0  0,0  0,0  0,0  0,0  0,0  0,0  0,0  0,0  0,0  0,0  0,0  0,0  0,0
  0,0  0,0  0,0  0,0  0,0  0,0  0,0  0,0  0,0  0,0  0,0  0,0  0,0  0,0  0,0  0,0  0,0  0,0  0,0  0,0  0,0  0,0  0,0  0,0  0,0  0,0  0,0  0,0  0,0  0,0  0,0  0,0  0,0  0,0  0,0  0,0  0,0  0,0  0,0  0,0  0,0  0,0  0,0  0,0  0,0  0,0  0,0  0,0  0,0  0,0
  0,0  0,0  0,0  0,0  0,0  0,0  0,0  0,0  0,0  0,0  0,0  0,0  0,0  0,0  0,0  0,0  0,0  0,0  0,0  0,0  0,0  0,0  0,0  0,0  0,0  0,0  0,0  0,0  0,0  0,0  0,0  0,0  0,0  0,0  0,0  0,0  0,0  0,0  0,0  0,0  0,0  0,0  0,0  0,0  0,0  0,0  0,0  0,0  0,0  0,0
  0,0  0,0  0,0  0,0  0,0  0,0  0,0  0,0  0,0  0,0  0,0  0,0  0,0  0,0  0,0  0,0  0,0  0,0  0,0  0,0  0,0  0,0  0,0  0,0  0,0  0,0  0,0  0,0  0,0  0,0  0,0  0,0  0,0  0,0  0,0  0,0  0,0  0,0  0,0  0,0  0,0  0,0  0,0  0,0  0,0  0,0  0,0  0,0  0,0  0,0
  0,0  0,0  0,0  0,0  0,0  0,0  0,0  0,0  0,0  0,0  0,0  0,0  0,0  0,0  0,0  0,0  0,0  0,0  0,0  0,0  0,0  0,0  0,0  0,0  0,0  0,0  0,0  0,0  0,0  0,0  0,0  0,0  0,0  0,0  0,0  0,0  0,0  0,0  0,0  0,0  0,0  0,0  0,0  0,0  0,0  0,0  0,0  0,0  0,0  0,0
  0,0  0,0  0,0  0,0  0,0  0,0  0,0  0,0  0,0  0,0  0,0  0,0  0,0  0,0  0,0  0,0  0,0  0,0  0,0  0,0  0,0  0,0  0,0  0,0  0,0  0,0  0,0  0,0  0,0  0,0  0,0  0,0  0,0  0,0  0,0  0,0  0,0  0,0  0,0  0,0  0,0  0,0  0,0  0,0  0,0  0,0  0,0  0,0  0,0  0,0
  0,0  0,0  0,0  0,0  0,0  0,0  0,0  0,0  0,0  0,0  0,0  0,0  0,0  0,0  0,0  0,0  0,0  0,0  0,0  0,0  0,0  0,0  0,0  0,0  0,0  0,0  0,0  0,0  0,0  0,0  0,0  0,0  0,0  0,0  0,0  0,0  0,0  0,0  0,0  0,0  0,0  0,0  0,0  0,0  0,0  0,0  0,0  0,0  0,0  0,0
  0,0  0,0  0,0  0,0  0,0  0,0  0,0  0,0  0,0  0,0  0,0  0,0  0,0  0,0  0,0  0,0  0,0  0,0  0,0  0,0  0,0  0,0  0,0  0,0  0,0  0,0  0,0  0,0  0,0  0,0  0,0  0,0  0,0  0,0  0,0  0,0  0,0  0,0  0,0  0,0  0,0  0,0  0,0  0,0  0,0  0,0  0,0  0,0  0,0  0,0
  0,0  0,0  0,0  0,0  0,0  0,0  0,0  0,0  0,0  0,0  0,0  0,0  0,0  0,0  0,0  0,0  0,0  0,0  0,0  0,0  0,0  0,0  0,0  0,0  0,0  0,0  0,0  0,0  0,0  0,0  0,0  0,0  0,0  0,0  0,0  0,0  0,0  0,0  0,0  0,0  0,0  0,0  0,0  0,0  0,0  0,0  0,0  0,0  0,0  0,0
  0,0  0,0  0,0  0,0  0,0  0,0  0,0  0,0  0,0  0,0  0,0  0,0  0,0  0,0  0,0  0,0  0,0  0,0  0,0  0,0  0,0  0,0  0,0  0,0  0,0  0,0  0,0  0,0  0,0  0,0  0,0  0,0  0,0  0,0  0,0  0,0  0,0  0,0  0,0  0,0  0,0  0,0  0,0  0,0  0,0  0,0  0,0  0,0  0,0  0,0
  0,0  0,0  0,0  0,0  0,0  0,0  0,0  0,0  0,0  0,0  0,0  0,0  0,0  0,0  0,0  0,0  0,0  0,0  0,0  0,0  0,0  0,0  0,0  0,0  0,0  0,0  0,0  0,0  0,0  0,0  0,0  0,0  0,0  0,0  0,0  0,0  0,0  0,0  0,0  0,0  0,0  0,0  0,0  0,0  0,0  0,0  0,0  0,0  0,0  0,0
  0,0  0,0  0,0  0,0  0,0  0,0  0,0  0,0  0,0  0,0  0,0  0,0  0,0  0,0  0,0  0,0  0,0  0,0  0,0  0,0  0,0  0,0  0,0  0,0  0,0  0,0  0,0  0,0  0,0  0,0  0,0  0,0  0,0  0,0  0,0  0,0  0,0  0,0  0,0  0,0  0,0  0,0  0,0  0,0  0,0  0,0  0,0  0,0  0,0  0,0
  0,0  0,0  0,0  0,0  0,0  0,0  0,0  0,0  0,0  0,0  0,0  0,0  0,0  0,0  0,0  0,0  0,0  0,0  0,0  0,0  0,0  0,0  0,0  0,0  0,0  0,0  0,0  0,0  0,0  0,0  0,0  0,0  0,0  0,0  0,0  0,0  0,0  0,0  0,0  0,0  0,0  0,0  0,0  0,0  0,0  0,0  0,0  0,0  0,0  0,0
  0,0  0,0  0,0  0,0  0,0  0,0  0,0  0,0  0,0  0,0  0,0  0,0  0,0  0,0  0,0  0,0  0,0  0,0  0,0  0,0  0,0  0,0  0,0  0,0  0,0  0,0  0,0  0,0  0,0  0,0  0,0  0,0  0,0  0,0  0,0  0,0  0,0  0,0  0,0  0,0  0,0  0,0  0,0  0,0  0,0  0,0  0,0  0,0  0,0  0,0
  0,0  0,0  0,0  0,0  0,0  0,0  0,0  0,0  0,0  0,0  0,0  0,0  0,0  0,0  0,0  0,0  0,0  0,0  0,0  0,0  0,0  0,0  0,0  0,0  0,0  0,0  0,0  0,0  0,0  0,0  0,0  0,0  0,0  0,0  0,0  0,0  0,0  0,0  0,0  0,0  0,0  0,0  0,0  0,0  0,0  0,0  0,0  0,0  0,0  0,0
  0,0  0,0  0,0  0,0  0,0  0,0  0,0  0,0  0,0  0,0  0,0  0,0  0,0  0,0  0,0  0,0  0,0  0,0  0,0  0,0  0,0  0,0  0,0  0,0  0,0  0,0  0,0  0,0  0,0  0,0  0,0  0,0  0,0  0,0  0,0  0,0  0,0  0,0  0,0  0,0  0,0  0,0  0,0  0,0  0,0  0,0  0,0  0,0  0,0  0,0
  0,0  0,0  0,0  0,0  0,0  0,0  0,0  0,0  0,0  0,0  0,0  0,0  0,0  0,0  0,0  0,0  0,0  0,0  0,0  0,0  0,0  0,0  0,0  0,0  0,0  0,0  0,0  0,0  0,0  0,0  0,0  0,0  0,0  0,0  0,0  0,0  0,0  0,0  0,0  0,0  0,0  0,0  0,0  0,0  0,0  0,0  0,0  0,0  0,0  0,0
  0,0  0,0  0,0  0,0  0,0  0,0  0,0  0,0  0,0  0,0  0,0  0,0  0,0  0,0  0,0  0,0  0,0  0,0  0,0  0,0  0,0  0,0  0,0  0,0  0,0  0,0  0,0  0,0  0,0  0,0  0,0  0,0  0,0  0,0  0,0  0,0  0,0  0,0  0,0  0,0  0,0  0,0  0,0  0,0  0,0  0,0  0,0  0,0  0,0  0,0
  0,0  0,0  0,0  0,0  0,0  0,0  0,0  0,0  0,0  0,0  0,0  0,0  0,0  0,0  0,0  0,0  0,0  0,0  0,0  0,0  0,0  0,0  0,0  0,0  0,0  0,0  0,0  0,0  0,0  0,0  0,0  0,0  0,0  0,0  0,0  0,0  0,0  0,0  0,0  0,0  0,0  0,0  0,0  0,0  0,0  0,0  0,0  0,0  0,0  0,0
  0,0  0,0  0,0  0,0  0,0  0,0  0,0  0,0  0,0  0,0  0,0  0,0  0,0  0,0  0,0  0,0  0,0  0,0  0,0  0,0  0,0  0,0  0,0  0,39  0,0  0,0  0,0  0,0  0,0  0,0  0,0  0,0  0,0  0,0  0,0  0,0  0,0  0,0  0,0  0,0  0,0  0,0  0,0  0,0  0,0  0,0  0,0  0,0  0,0  0,0
  0,0  0,0  0,0  0,0  0,0  0,0  0,0  0,0  0,0  0,0  0,0  0,0  0,0  0,0  0,0  0,0  0,0  0,0  0,0  0,0  0,0  0,0  1,56  1,56  1,56  0,0  0,0  0,0  0,0  0,0  0,0  0,0  0,0  0,0  0,0  0,0  0,0  0,0  0,0  0,0  0,0  0,0  0,0  0,0  0,0  0,0  0,0  0,0  0,0  0,0
  0,0  0,0  0,0  0,0  0,0  0,0  0,0  0,0  0,0  0,0  0,0  0,0  0,0  0,0  0,0  0,0  0,0  0,0  0,0  0,0  0,0  2,35  4,69  10,94  4,69  2,35  0,0  0,0  0,0  0,0  0,0  0,0  0,0  0,0  0,0  0,0  0,0  0,0  0,0  0,0  0,0  0,0  0,0  0,0  0,0  0,0  0,0  0,0  0,0  0,0
  0,0  0,0  0,0  0,0  0,0  0,0  0,0  0,0  0,0  0,0  0,0  0,0  0,0  0,0  0,0  0,0  0,0  0,0  0,0  0,0  1,56  4,69  18,75  32,81  18,75  4,69  1,56  0,0  0,0  0,0  0,0  0,0  0,0  0,0  0,0  0,0  0,0  0,0  0,0  0,0  0,0  0,0  0,0  0,0  0,0  0,0  0,0  0,0  0,0  0,0
  0,0  0,0  0,0  0,0  0,0  0,0  0,0  0,0  0,0  0,0  0,0  0,0  0,0  0,0  0,0  0,0  0,0  0,0  0,0  0,39  1,56  10,94  32,81  100,0  32,81  10,94  1,56  0,39  0,0  0,0  0,0  0,0  0,0  0,0  0,0  0,0  0,0  0,0  0,0  0,0  0,0  0,0  0,0  0,0  0,0  0,0  0,0  0,0  0,0  0,0
  0,0  0,0  0,0  0,0  0,0  0,0  0,0  0,0  0,0  0,0  0,0  0,0  0,0  0,0  0,0  0,0  0,0  0,0  0,0  0,0  1,56  4,69  18,75  32,81  18,75  4,69  1,56  0,0  0,0  0,0  0,0  0,0  0,0  0,0  0,0  0,0  0,0  0,0  0,0  0,0  0,0  0,0  0,0  0,0  0,0  0,0  0,0  0,0  0,0  0,0
  0,0  0,0  0,0  0,0  0,0  0,0  0,0  0,0  0,0  0,0  0,0  0,0  0,0  0,0  0,0  0,0  0,0  0,0  0,0  0,0  0,0  2,35  4,69  10,94  4,69  2,35  0,0  0,0  0,0  0,0  0,0  0,0  0,0  0,0  0,0  0,0  0,0  0,0  0,0  0,0  0,0  0,0  0,0  0,0  0,0  0,0  0,0  0,0  0,0  0,0
  0,0  0,0  0,0  0,0  0,0  0,0  0,0  0,0  0,0  0,0  0,0  0,0  0,0  0,0  0,0  0,0  0,0  0,0  0,0  0,0  0,0  0,0  1,56  1,56  1,56  0,0  0,0  0,0  0,0  0,0  0,0  0,0  0,0  0,0  0,0  0,0  0,0  0,0  0,0  0,0  0,0  0,0  0,0  0,0  0,0  0,0  0,0  0,0  0,0  0,0
  0,0  0,0  0,0  0,0  0,0  0,0  0,0  0,0  0,0  0,0  0,0  0,0  0,0  0,0  0,0  0,0  0,0  0,0  0,0  0,0  0,0  0,0  0,0  0,39  0,0  0,0  0,0  0,0  0,0  0,0  0,0  0,0  0,0  0,0  0,0  0,0  0,0  0,0  0,0  0,0  0,0  0,0  0,0  0,0  0,0  0,0  0,0  0,0  0,0  0,0
  0,0  0,0  0,0  0,0  0,0  0,0  0,0  0,0  0,0  0,0  0,0  0,0  0,0  0,0  0,0  0,0  0,0  0,0  0,0  0,0  0,0  0,0  0,0  0,0  0,0  0,0  0,0  0,0  0,0  0,0  0,0  0,0  0,0  0,0  0,0  0,0  0,0  0,0  0,0  0,0  0,0  0,0  0,0  0,0  0,0  0,0  0,0  0,0  0,0  0,0
  0,0  0,0  0,0  0,0  0,0  0,0  0,0  0,0  0,0  0,0  0,0  0,0  0,0  0,0  0,0  0,0  0,0  0,0  0,0  0,0  0,0  0,0  0,0  0,0  0,0  0,0  0,0  0,0  0,0  0,0  0,0  0,0  0,0  0,0  0,0  0,0  0,0  0,0  0,0  0,0  0,0  0,0  0,0  0,0  0,0  0,0  0,0  0,0  0,0  0,0
  0,0  0,0  0,0  0,0  0,0  0,0  0,0  0,0  0,0  0,0  0,0  0,0  0,0  0,0  0,0  0,0  0,0  0,0  0,0  0,0  0,0  0,0  0,0  0,0  0,0  0,0  0,0  0,0  0,0  0,0  0,0  0,0  0,0  0,0  0,0  0,0  0,0  0,0  0,0  0,0  0,0  0,0  0,0  0,0  0,0  0,0  0,0  0,0  0,0  0,0
  0,0  0,0  0,0  0,0  0,0  0,0  0,0  0,0  0,0  0,0  0,0  0,0  0,0  0,0  0,0  0,0  0,0  0,0  0,0  0,0  0,0  0,0  0,0  0,0  0,0  0,0  0,0  0,0  0,0  0,0  0,0  0,0  0,0  0,0  0,0  0,0  0,0  0,0  0,0  0,0  0,0  0,0  0,0  0,0  0,0  0,0  0,0  0,0  0,0  0,0
  0,0  0,0  0,0  0,0  0,0  0,0  0,0  0,0  0,0  0,0  0,0  0,0  0,0  0,0  0,0  0,0  0,0  0,0  0,0  0,0  0,0  0,0  0,0  0,0  0,0  0,0  0,0  0,0  0,0  0,0  0,0  0,0  0,0  0,0  0,0  0,0  0,0  0,0  0,0  0,0  0,0  0,0  0,0  0,0  0,0  0,0  0,0  0,0  0,0  0,0
  0,0  0,0  0,0  0,0  0,0  0,0  0,0  0,0  0,0  0,0  0,0  0,0  0,0  0,0  0,0  0,0  0,0  0,0  0,0  0,0  0,0  0,0  0,0  0,0  0,0  0,0  0,0  0,0  0,0  0,0  0,0  0,0  0,0  0,0  0,0  0,0  0,0  0,0  0,0  0,0  0,0  0,0  0,0  0,0  0,0  0,0  0,0  0,0  0,0  0,0
  0,0  0,0  0,0  0,0  0,0  0,0  0,0  0,0  0,0  0,0  0,0  0,0  0,0  0,0  0,0  0,0  0,0  0,0  0,0  0,0  0,0  0,0  0,0  0,0  0,0  0,0  0,0  0,0  0,0  0,0  0,0  0,0  0,0  0,0  0,0  0,0  0,0  0,0  0,0  0,0  0,0  0,0  0,0  0,0  0,0  0,0  0,0  0,0  0,0  0,0
  0,0  0,0  0,0  0,0  0,0  0,0  0,0  0,0  0,0  0,0  0,0  0,0  0,0  0,0  0,0  0,0  0,0  0,0  0,0  0,0  0,0  0,0  0,0  0,0  0,0  0,0  0,0  0,0  0,0  0,0  0,0  0,0  0,0  0,0  0,0  0,0  0,0  0,0  0,0  0,0  0,0  0,0  0,0  0,0  0,0  0,0  0,0  0,0  0,0  0,0
  0,0  0,0  0,0  0,0  0,0  0,0  0,0  0,0  0,0  0,0  0,0  0,0  0,0  0,0  0,0  0,0  0,0  0,0  0,0  0,0  0,0  0,0  0,0  0,0  0,0  0,0  0,0  0,0  0,0  0,0  0,0  0,0  0,0  0,0  0,0  0,0  0,0  0,0  0,0  0,0  0,0  0,0  0,0  0,0  0,0  0,0  0,0  0,0  0,0  0,0
  0,0  0,0  0,0  0,0  0,0  0,0  0,0  0,0  0,0  0,0  0,0  0,0  0,0  0,0  0,0  0,0  0,0  0,0  0,0  0,0  0,0  0,0  0,0  0,0  0,0  0,0  0,0  0,0  0,0  0,0  0,0  0,0  0,0  0,0  0,0  0,0  0,0  0,0  0,0  0,0  0,0  0,0  0,0  0,0  0,0  0,0  0,0  0,0  0,0  0,0
  0,0  0,0  0,0  0,0  0,0  0,0  0,0  0,0  0,0  0,0  0,0  0,0  0,0  0,0  0,0  0,0  0,0  0,0  0,0  0,0  0,0  0,0  0,0  0,0  0,0  0,0  0,0  0,0  0,0  0,0  0,0  0,0  0,0  0,0  0,0  0,0  0,0  0,0  0,0  0,0  0,0  0,0  0,0  0,0  0,0  0,0  0,0  0,0  0,0  0,0
  0,0  0,0  0,0  0,0  0,0  0,0  0,0  0,0  0,0  0,0  0,0  0,0  0,0  0,0  0,0  0,0  0,0  0,0  0,0  0,0  0,0  0,0  0,0  0,0  0,0  0,0  0,0  0,0  0,0  0,0  0,0  0,0  0,0  0,0  0,0  0,0  0,0  0,0  0,0  0,0  0,0  0,0  0,0  0,0  0,0  0,0  0,0  0,0  0,0  0,0
  0,0  0,0  0,0  0,0  0,0  0,0  0,0  0,0  0,0  0,0  0,0  0,0  0,0  0,0  0,0  0,0  0,0  0,0  0,0  0,0  0,0  0,0  0,0  0,0  0,0  0,0  0,0  0,0  0,0  0,0  0,0  0,0  0,0  0,0  0,0  0,0  0,0  0,0  0,0  0,0  0,0  0,0  0,0  0,0  0,0  0,0  0,0  0,0  0,0  0,0
  0,0  0,0  0,0  0,0  0,0  0,0  0,0  0,0  0,0  0,0  0,0  0,0  0,0  0,0  0,0  0,0  0,0  0,0  0,0  0,0  0,0  0,0  0,0  0,0  0,0  0,0  0,0  0,0  0,0  0,0  0,0  0,0  0,0  0,0  0,0  0,0  0,0  0,0  0,0  0,0  0,0  0,0  0,0  0,0  0,0  0,0  0,0  0,0  0,0  0,0
  0,0  0,0  0,0  0,0  0,0  0,0  0,0  0,0  0,0  0,0  0,0  0,0  0,0  0,0  0,0  0,0  0,0  0,0  0,0  0,0  0,0  0,0  0,0  0,0  0,0  0,0  0,0  0,0  0,0  0,0  0,0  0,0  0,0  0,0  0,0  0,0  0,0  0,0  0,0  0,0  0,0  0,0  0,0  0,0  0,0  0,0  0,0  0,0  0,0  0,0
  0,0  0,0  0,0  0,0  0,0  0,0  0,0  0,0  0,0  0,0  0,0  0,0  0,0  0,0  0,0  0,0  0,0  0,0  0,0  0,0  0,0  0,0  0,0  0,0  0,0  0,0  0,0  0,0  0,0  0,0  0,0  0,0  0,0  0,0  0,0  0,0  0,0  0,0  0,0  0,0  0,0  0,0  0,0  0,0  0,0  0,0  0,0  0,0  0,0  0,0
  0,0  0,0  0,0  0,0  0,0  0,0  0,0  0,0  0,0  0,0  0,0  0,0  0,0  0,0  0,0  0,0  0,0  0,0  0,0  0,0  0,0  0,0  0,0  0,0  0,0  0,0  0,0  0,0  0,0  0,0  0,0  0,0  0,0  0,0  0,0  0,0  0,0  0,0  0,0  0,0  0,0  0,0  0,0  0,0  0,0  0,0  0,0  0,0  0,0  0,0
  0,0  0,0  0,0  0,0  0,0  0,0  0,0  0,0  0,0  0,0  0,0  0,0  0,0  0,0  0,0  0,0  0,0  0,0  0,0  0,0  0,0  0,0  0,0  0,0  0,0  0,0  0,0  0,0  0,0  0,0  0,0  0,0  0,0  0,0  0,0  0,0  0,0  0,0  0,0  0,0  0,0  0,0  0,0  0,0  0,0  0,0  0,0  0,0  0,0  0,0
  0,0  0,0  0,0  0,0  0,0  0,0  0,0  0,0  0,0  0,0  0,0  0,0  0,0  0,0  0,0  0,0  0,0  0,0  0,0  0,0  0,0  0,0  0,0  0,0  0,0  0,0  0,0  0,0  0,0  0,0  0,0  0,0  0,0  0,0  0,0  0,0  0,0  0,0  0,0  0,0  0,0  0,0  0,0  0,0  0,0  0,0  0,0  0,0  0,0  0,0
  0,0  0,0  0,0  0,0  0,0  0,0  0,0  0,0  0,0  0,0  0,0  0,0  0,0  0,0  0,0  0,0  0,0  0,0  0,0  0,0  0,0  0,0  0,0  0,0  0,0  0,0  0,0  0,0  0,0  0,0  0,0  0,0  0,0  0,0  0,0  0,0  0,0  0,0  0,0  0,0  0,0  0,0  0,0  0,0  0,0  0,0  0,0  0,0  0,0  0,0
  0,0  0,0  0,0  0,0  0,0  0,0  0,0  0,0  0,0  0,0  0,0  0,0  0,0  0,0  0,0  0,0  0,0  0,0  0,0  0,0  0,0  0,0  0,0  0,0  0,0  0,0  0,0  0,0  0,0  0,0  0,0  0,0  0,0  0,0  0,0  0,0  0,0  0,0  0,0  0,0  0,0  0,0  0,0  0,0  0,0  0,0  0,0  0,0  0,0  0,0
  0,0  0,0  0,0  0,0  0,0  0,0  0,0  0,0  0,0  0,0  0,0  0,0  0,0  0,0  0,0  0,0  0,0  0,0  0,0  0,0  0,0  0,0  0,0  0,0  0,0  0,0  0,0  0,0  0,0  0,0  0,0  0,0  0,0  0,0  0,0  0,0  0,0  0,0  0,0  0,0  0,0  0,0  0,0  0,0  0,0  0,0  0,0  0,0  0,0  0,0