
  0,0  0,0  0,0  0,0  0,0  0,0  0,0  0,0  0,0  0,0  0,0  0,0  0,0  0,0  0,0  0,0  0,0  0,0  0,0  0,0  0,0  0,0  0,0  0,0  0,0  0,0  0,0  0,0  0,0  0,0  0,0  0,0  0,0  0,0  0,0  0,0  0,0  0,0  0,0  0,0  0,0  0,0  0,0  0,0  0,0  0,0  0,0  0,0  0,0  0,0
  0,0  0,0  0,0  0,0  0,0  0,0  0,0  0,0  0,0  0,0  0,0  0,0  0,0  0,0  0,0  0,0  0,0  0,0  0,0  0,0  0,0  0,0  0,0  0,0  0,0  0,0  0,0  0,0  0,0  0,0  0,0  0,0  0,0  0,0  0,0  0,0  0,0  0,0  0,0  0,0  0,0  0,0  0,0  0,0  0,0  0,0  0,0  0,0  0,0  0,0
  0,0  0,0  0,0  0,0  0,0  0,0  0,0  0,0  0,0  0,0  0,0  0,0  0,0  0,0  0,0  0,0  0,0  0,0  0,0  0,0  0,0  0,0  0,0  0,0  0,0  0,0  0,0  0,0  0,0  0,0  0,0  0,0  0,0  0,0  0,0  0,0  0,0  0,0  0,0  0,0  0,0  0,0  0,0  0,0  0,0  0,0  0,0  0,0  0,0  0,0
  0,0  0,0  0,0  0,0  0,0  0,0  0,0  0,0  0,0  0,0  0,0  0,0  0,0  0,0  0,0  0,0  0,0  0,0  0,0  0,0  0,0  0,0  0,0  0,0  0,0  0,0  0,0  0,0  0,0  0,0  0,0  0,0  0,0  0,0  0,0  0,0  0,0  0,0  0,0  0,0  0,0  0,0  0,0  0,0  0,0  0,0  0,0  0,0  0,0  0,0
  0,0  0,0  0,0  0,0  0,0  0,0  0,0  0,0  0,0  0,0  0,0  0,0  0,0  0,0  0,0  0,0  0,0  0,0  0,0  0,0  0,0  0,0  0,0  0,0  0,0  0,0  0,0  0,0  0,0  0,0  0,0  0,0  0,0  0,0  0,0  0,0  0,0  0,0  0,0  0,0  0,0  0,0  0,0  0,0  0,0  0,0  0,0  0,0  0,0  0,0
  0,0  0,0  0,0  0,0  0,0  0,0  0,0  0,0  0,0  0,0  0,0  0,0  0,0  0,0  0,0  0,0  0,0  0,0  0,0  0,0  0,0  0,0  0,0  0,0  0,0  0,0  0,0  0,0  0,0  0,0  0,0  0,0  0,0  0,0  0,0  0,0  0,0  0,0  0,0  0,0  0,0  0,0  0,0  0,0  0,0  0,0  0,0  0,0  0,0  0,0
  0,0  0,0  0,0  0,0  0,0  0,0  0,0  0,0  0,0  0,0  0,0  0,0  0,0  0,0  0,0  0,0  0,0  0,0  0,0  0,0  0,0  0,0  0,0  0,0  0,0  0,0  0,0  0,0  0,0  0,0  0,0  0,0  0,0  0,0  0,0  0,0  0,0  0,0  0,0  0,0  0,0  0,0  0,0  0,0  0,0  0,0  0,0  0,0  0,0  0,0
  0,0  0,0  0,0  0,0  0,0  0,0  0,0  0,0  0,0  0,0  0,0  0,0  0,0  0,0  0,0  0,0  0,0  0,0  0,0  0,0  0,0  0,0  0,0  0,0  0,0  0,0  0,0  0,0  0,0  0,0  0,0  0,0  0,0  0,0  0,0  0,0  0,0  0,0  0,0  0,0  0,0  0,0  0,0  0,0  0,0  0,0  0,0  0,0  0,0  0,0
  0,0  0,0  0,0  0,0  0,0  0,0  0,0  0,0  0,0  0,0  0,0  0,0  0,0  0,0  0,0  0,0  0,0  0,0  0,0  0,0  0,0  0,0  0,0  0,0  0,0  0,0  0,0  0,0  0,0  0,0  0,0  0,0  0,0  0,0  0,0  0,0  0,0  0,0  0,0  0,0  0,0  0,0  0,0  0,0  0,0  0,0  0,0  0,0  0,0  0,0
  0,0  0,0  0,0  0,0  0,0  0,0  0,0  0,0  0,0  0,0  0,0  0,0  0,0  0,0  0,0  0,0  0,0  0,0  0,0  0,0  0,0  0,0  0,0  0,0  0,0  0,0  0,0  0,0  0,0  0,0  0,0  0,0  0,0  0,0  0,0  0,0  0,0  0,0  0,0  0,0  0,0  0,0  0,0  0,0  0,0  0,0  0,0  0,0  0,0  0,0
  0,0  0,0  0,0  0,0  0,0  0,0  0,0  0,0  0,0  0,0  0,0  0,0  0,0  0,0  0,0  0,0  0,0  0,0  0,0  0,0  0,0  0,0  0,0  0,0  0,0  0,0  0,0  0,0  0,0  0,0  0,0  0,0  0,0  0,0  0,0  0,0  0,0  0,0  0,0  0,0  0,0  0,0  0,0  0,0  0,0  0,0  0,0  0,0  0,0  0,0
  0,0  0,0  0,0  0,0  0,0  0,0  0,0  0,0  0,0  0,0  0,0  0,0  0,0  0,0  0,0  0,0  0,0  0,0  0,0  0,0  0,0  0,0  0,0  0,0  0,0  0,0  0,0  0,0  0,0  0,0  0,0  0,0  0,0  0,0  0,0  0,0  0,0  0,0  0,0  0,0  0,0  0,0  0,0  0,0  0,0  0,0  0,0  0,0  0,0  0,0
  0,0  0,0  0,0  0,0  0,0  0,0  0,0  0,0  0,0  0,0  0,0  0,0  0,0  0,0  0,0  0,0  0,0  0,0  0,0  0,0  0,0  0,0  0,0  0,0  0,0  0,0  0,0  0,0  0,0  0,0  0,0  0,0  0,0  0,0  0,0  0,0  0,0  0,0  0,0  0,0  0,0  0,0  0,0  0,0  0,0  0,0  0,0  0,0  0,0  0,0
  0,0  0,0  0,0  0,0  0,0  0,0  0,0  0,0  0,0  0,0  0,0  0,0  0,0  0,0  0,0  0,0  0,0  0,0  0,0  0,0  0,0  0,0  0,0  0,0  0,0  0,0  0,0  0,0  0,0  0,0  0,0  0,0  0,0  0,0  0,0  0,0  0,0  0,0  0,0  0,0  0,0  0,0  0,0  0,0  0,0  0,0  0,0  0,0  0,0  0,0
  0,0  0,0  0,0  0,0  0,0  0,0  0,0  0,0  0,0  0,0  0,0  0,0  0,0  0,0  0,0  0,0  0,0  0,0  0,0  0,0  0,0  0,0  0,0  0,0  0,0  0,0  0,0  0,0  0,0  0,0  0,0  0,0  0,0  0,0  0,0  0,0  0,0  0,0  0,0  0,0  0,0  0,0  0,0  0,0  0,0  0,0  0,0  0,0  0,0  0,0
  0,0  0,0  0,0  0,0  0,0  0,0  0,0  0,0  0,0  0,0  0,0  0,0  0,0  0,0  0,0  0,0  0,0  0,0  0,0  0,0  0,0  0,0  0,0  0,0  0,0  0,0  0,0  0,0  0,0  0,0  0,0  0,0  0,0  0,0  0,0  0,0  0,0  0,0  0,0  0,0  0,0  0,0  0,0  0,0  0,0  0,0  0,0  0,0  0,0  0,0
  0,0  0,0  0,0  0,0  0,0  0,0  0,0  0,0  0,0  0,0  0,0  0,0  0,0  0,0  0,0  0,0  0,0  0,0  0,0  0,0  0,0  0,0  0,0  0,0  0,0  0,0  0,0  0,0  0,0  0,0  0,0  0,0  0,0  0,0  0,0  0,0  0,0  0,0  0,0  0,0  0,0  0,0  0,0  0,0  0,0  0,0  0,0  0,0  0,0  0,0
  0,0  0,0  0,0  0,0  0,0  0,0  0,0  0,0  0,0  0,0  0,0  0,0  0,0  0,0  0,0  0,0  0,0  0,0  0,0  0,0  0,0  0,0  0,0  0,0  0,0  0,0  0,0  0,0  0,0  0,0  0,0  0,0  0,0  0,0  0,0  0,0  0,0  0,0  0,0  0,0  0,0  0,0  0,0  0,0  0,0  0,0  0,0  0,0  0,0  0,0
  0,0  0,0  0,0  0,0  0,0  0,0  0,0  0,0  0,0  0,0  0,0  0,0  0,0  0,0  0,0  0,0  0,0  0,0  0,0  0,0  0,0  0,0  0,0  0,0  0,0  0,0  0,0  0,0  0,0  0,0  0,0  0,0  0,0  0,0  0,0  0,0  0,0  0,0  0,0  0,0  0,0  0,0  0,0  0,0  0,0  0,0  0,0  0,0  0,0  0,0
  0,0  0,0  0,0  0,0  0,0  0,0  0,0  0,0  0,0  0,0  0,0  0,0  0,0  0,0  0,0  0,0  0,0  0,0  0,0  0,0  0,0  0,0  0,0  0,0  0,0  0,0  0,0  0,0  0,0  0,0  0,0  0,0  0,0  0,0  0,0  0,0  0,0  0,0  0,0  0,0  0,0  0,0  0,0  0,0  0,0  0,0  0,0  0,0  0,0  0,0
  0,0  0,0  0,0  0,0  0,0  0,0  0,0  0,0  0,0  0,0  0,0  0,0  0,0  0,0  0,0  0,0  0,0  0,0  0,0  0,0  0,0  0,0  0,0  1,56  0,0  0,0  0,0  0,0  0,0  0,0  0,0  0,0  0,0  0,0  0,0  0,0  0,0  0,0  0,0  0,0  0,0  0,0  0,0  0,0  0,0  0,0  0,0  0,0  0,0  0,0
  0,0  0,0  0,0  0,0  0,0  0,0  0,0  0,0  0,0  0,0  0,0  0,0  0,0  0,0  0,0  0,0  0,0  0,0  0,0  0,0  0,0  0,0  4,69  6,25  4,69  0,0  0,0  0,0  0,0  0,0  0,0  0,0  0,0  0,0  0,0  0,0  0,0  0,0  0,0  0,0  0,0  0,0  0,0  0,0  0,0  0,0  0,0  0,0  0,0  0,0
  0,0  0,0  0,0  0,0  0,0  0,0  0,0  0,0  0,0  0,0  0,0  0,0  0,0  0,0  0,0  0,0  0,0  0,0  0,0  0,0  0,0  4,69  12,5  32,81  12,5  4,69  0,0  0,0  0,0  0,0  0,0  0,0  0,0  0,0  0,0  0,0  0,0  0,0  0,0  0,0  0,0  0,0  0,0  0,0  0,0  0,0  0,0  0,0  0,0  0,0
  0,0  0,0  0,0  0,0  0,0  0,0  0,0  0,0  0,0  0,0  0,0  0,0  0,0  0,0  0,0  0,0  0,0  0,0  0,0  0,0  1,56  6,25  32,81  100,0  32,81  6,25  1,56  0,0  0,0  0,0  0,0  0,0  0,0  0,0  0,0  0,0  0,0  0,0  0,0  0,0  0,0  0,0  0,0  0,0  0,0  0,0  0,0  0,0  0,0  0,0
  0,0  0,0  0,0  0,0  0,0  0,0  0,0  0,0  0,0  0,0  0,0  0,0  0,0  0,0  0,0  0,0  0,0  0,0  0,0  0,0  0,0  4,69  12,5  32,81  12,5  4,69  0,0  0,0  0,0  0,0  0,0  0,0  0,0  0,0  0,0  0,0  0,0  0,0  0,0  0,0  0,0  0,0  0,0  0,0  0,0  0,0  0,0  0,0  0,0  0,0
  0,0  0,0  0,0  0,0  0,0  0,0  0,0  0,0  0,0  0,0  0,0  0,0  0,0  0,0  0,0  0,0  0,0  0,0  0,0  0,0  0,0  0,0  4,69  6,25  4,69  0,0  0,0  0,0  0,0  0,0  0,0  0,0  0,0  0,0  0,0  0,0  0,0  0,0  0,0  0,0  0,0  0,0  0,0  0,0  0,0  0,0  0,0  0,0  0,0  0,0
  0,0  0,0  0,0  0,0  0,0  0,0  0,0  0,0  0,0  0,0  0,0  0,0  0,0  0,0  0,0  0,0  0,0  0,0  0,0  0,0  0,0  0,0  0,0  1,56  0,0  0,0  0,0  0,0  0,0  0,0  0,0  0,0  0,0  0,0  0,0  0,0  0,0  0,0  0,0  0,0  0,0  0,0  0,0  0,0  0,0  0,0  0,0  0,0  0,0  0,0
  0,0  0,0  0,0  0,0  0,0  0,0  0,0  0,0  0,0  0,0  0,0  0,0  0,0  0,0  0,0  0,0  0,0  0,0  0,0  0,0  0,0  0,0  0,0  0,0  0,0  0,0  0,0  0,0  0,0  0,0  0,0  0,0  0,0  0,0  0,0  0,0  0,0  0,0  0,0  0,0  0,0  0,0  0,0  0,0  0,0  0,0  0,0  0,0  0,0  0,0
  0,0  0,0  0,0  0,0  0,0  0,0  0,0  0,0  0,0  0,0  0,0  0,0  0,0  0,0  0,0  0,0  0,0  0,0  0,0  0,0  0,0  0,0  0,0  0,0  0,0  0,0  0,0  0,0  0,0  0,0  0,0  0,0  0,0  0,0  0,0  0,0  0,0  0,0  0,0  0,0  0,0  0,0  0,0  0,0  0,0  0,0  0,0  0,0  0,0  0,0
  0,0  0,0  0,0  0,0  0,0  0,0  0,0  0,0  0,0  0,0  0,0  0,0  0,0  0,0  0,0  0,0  0,0  0,0  0,0  0,0  0,0  0,0  0,0  0,0  0,0  0,0  0,0  0,0  0,0  0,0  0,0  0,0  0,0  0,0  0,0  0,0  0,0  0,0  0,0  0,0  0,0  0,0  0,0  0,0  0,0  0,0  0,0  0,0  0,0  0,0
  0,0  0,0  0,0  0,0  0,0  0,0  0,0  0,0  0,0  0,0  0,0  0,0  0,0  0,0  0,0  0,0  0,0  0,0  0,0  0,0  0,0  0,0  0,0  0,0  0,0  0,0  0,0  0,0  0,0  0,0  0,0  0,0  0,0  0,0  0,0  0,0  0,0  0,0  0,0  0,0  0,0  0,0  0,0  0,0  0,0  0,0  0,0  0,0  0,0  0,0
  0,0  0,0  0,0  0,0  0,0  0,0  0,0  0,0  0,0  0,0  0,0  0,0  0,0  0,0  0,0  0,0  0,0  0,0  0,0  0,0  0,0  0,0  0,0  0,0  0,0  0,0  0,0  0,0  0,0  0,0  0,0  0,0  0,0  0,0  0,0  0,0  0,0  0,0  0,0  0,0  0,0  0,0  0,0  0,0  0,0  0,0  0,0  0,0  0,0  0,0
  0,0  0,0  0,0  0,0  0,0  0,0  0,0  0,0  0,0  0,0  0,0  0,0  0,0  0,0  0,0  0,0  0,0  0,0  0,0  0,0  0,0  0,0  0,0  0,0  0,0  0,0  0,0  0,0  0,0  0,0  0,0  0,0  0,0  0,0  0,0  0,0  0,0  0,0  0,0  0,0  0,0  0,0  0,0  0,0  0,0  0,0  0,0  0,0  0,0  0,0
  0,0  0,0  0,0  0,0  0,0  0,0  0,0  0,0  0,0  0,0  0,0  0,0  0,0  0,0  0,0  0,0  0,0  0,0  0,0  0,0  0,0  0,0  0,0  0,0  0,0  0,0  0,0  0,0  0,0  0,0  0,0  0,0  0,0  0,0  0,0  0,0  0,0  0,0  0,0  0,0  0,0  0,0  0,0  0,0  0,0  0,0  0,0  0,0  0,0  0,0
  0,0  0,0  0,0  0,0  0,0  0,0  0,0  0,0  0,0  0,0  0,0  0,0  0,0  0,0  0,0  0,0  0,0  0,0  0,0  0,0  0,0  0,0  0,0  0,0  0,0  0,0  0,0  0,0  0,0  0,0  0,0  0,0  0,0  0,0  0,0  0,0  0,0  0,0  0,0  0,0  0,0  0,0  0,0  0,0  0,0  0,0  0,0  0,0  0,0  0,0
  0,0  0,0  0,0  0,0  0,0  0,0  0,0  0,0  0,0  0,0  0,0  0,0  0,0  0,0  0,0  0,0  0,0  0,0  0,0  0,0  0,0  0,0  0,0  0,0  0,0  0,0  0,0  0,0  0,0  0,0  0,0  0,0  0,0  0,0  0,0  0,0  0,0  0,0  0,0  0,0  0,0  0,0  0,0  0,0  0,0  0,0  0,0  0,0  0,0  0,0
  0,0  0,0  0,0  0,0  0,0  0,0  0,0  0,0  0,0  0,0  0,0  0,0  0,0  0,0  0,0  0,0  0,0  0,0  0,0  0,0  0,0  0,0  0,0  0,0  0,0  0,0  0,0  0,0  0,0  0,0  0,0  0,0  0,0  0,0  0,0  0,0  0,0  0,0  0,0  0,0  0,0  0,0  0,0  0,0  0,0  0,0  0,0  0,0  0,0  0,0
  0,0  0,0  0,0  0,0  0,0  0,0  0,0  0,0  0,0  0,0  0,0  0,0  0,0  0,0  0,0  0,0  0,0  0,0  0,0  0,0  0,0  0,0  0,0  0,0  0,0  0,0  0,0  0,0  0,0  0,0  0,0  0,0  0,0  0,0  0,0  0,0  0,0  0,0  0,0  0,0  0,0  0,0  0,0  0,0  0,0  0,0  0,0  0,0  0,0  0,0
  0,0  0,0  0,0  0,0  0,0  0,0  0,0  0,0  0,0  0,0  0,0  0,0  0,0  0,0  0,0  0,0  0,0  0,0  0,0  0,0  0,0  0,0  0,0  0,0  0,0  0,0  0,0  0,0  0,0  0,0  0,0  0,0  0,0  0,0  0,0  0,0  0,0  0,0  0,0  0,0  0,0  0,0  0,0  0,0  0,0  0,0  0,0  0,0  0,0  0,0
  0,0  0,0  0,0  0,0  0,0  0,0  0,0  0,0  0,0  0,0  0,0  0,0  0,0  0,0  0,0  0,0  0,0  0,0  0,0  0,0  0,0  0,0  0,0  0,0  0,0  0,0  0,0  0,0  0,0  0,0  0,0  0,0  0,0  0,0  0,0  0,0  0,0  0,0  0,0  0,0  0,0  0,0  0,0  0,0  0,0  0,0  0,0  0,0  0,0  0,0
  0,0  0,0  0,0  0,0  0,0  0,0  0,0  0,0  0,0  0,0  0,0  0,0  0,0  0,0  0,0  0,0  0,0  0,0  0,0  0,0  0,0  0,0  0,0  0,0  0,0  0,0  0,0  0,0  0,0  0,0  0,0  0,0  0,0  0,0  0,0  0,0  0,0  0,0  0,0  0,0  0,0  0,0  0,0  0,0  0,0  0,0  0,0  0,0  0,0  0,0
  0,0  0,0  0,0  0,0  0,0  0,0  0,0  0,0  0,0  0,0  0,0  0,0  0,0  0,0  0,0  0,0  0,0  0,0  0,0  0,0  0,0  0,0  0,0  0,0  0,0  0,0  0,0  0,0  0,0  0,0  0,0  0,0  0,0  0,0  0,0  0,0  0,0  0,0  0,0  0,0  0,0  0,0  0,0  0,0  0,0  0,0  0,0  0,0  0,0  0,0
  0,0  0,0  0,0  0,0  0,0  0,0  0,0  0,0  0,0  0,0  0,0  0,0  0,0  0,0  0,0  0,0  0,0  0,0  0,0  0,0  0,0  0,0  0,0  0,0  0,0  0,0  0,0  0,0  0,0  0,0  0,0  0,0  0,0  0,0  0,0  0,0  0,0  0,0  0,0  0,0  0,0  0,0  0,0  0,0  0,0  0,0  0,0  0,0  0,0  0,0
  0,0  0,0  0,0  0,0  0,0  0,0  0,0  0,0  0,0  0,0  0,0  0,0  0,0  0,0  0,0  0,0  0,0  0,0  0,0  0,0  0,0  0,0  0,0  0,0  0,0  0,0  0,0  0,0  0,0  0,0  0,0  0,0  0,0  0,0  0,0  0,0  0,0  0,0  0,0  0,0  0,0  0,0  0,0  0,0  0,0  0,0  0,0  0,0  0,0  0,0
  0,0  0,0  0,0  0,0  0,0  0,0  0,0  0,0  0,0  0,0  0,0  0,0  0,0  0,0  0,0  0,0  0,0  0,0  0,0  0,0  0,0  0,0  0,0  0,0  0,0  0,0  0,0  0,0  0,0  0,0  0,0  0,0  0,0  0,0  0,0  0,0  0,0  0,0  0,0  0,0  0,0  0,0  0,0  0,0  0,0  0,0  0,0  0,0  0,0  0,0
  0,0  0,0  0,0  0,0  0,0  0,0  0,0  0,0  0,0  0,0  0,0  0,0  0,0  0,0  0,0  0,0  0,0  0,0  0,0  0,0  0,0  0,0  0,0  0,0  0,0  0,0  0,0  0,0  0,0  0,0  0,0  0,0  0,0  0,0  0,0  0,0  0,0  0,0  0,0  0,0  0,0  0,0  0,0  0,0  0,0  0,0  0,0  0,0  0,0  0,0
  0,0  0,0  0,0  0,0  0,0  0,0  0,0  0,0  0,0  0,0  0,0  0,0  0,0  0,0  0,0  0,0  0,0  0,0  0,0  0,0  0,0  0,0  0,0  0,0  0,0  0,0  0,0  0,0  0,0  0,0  0,0  0,0  0,0  0,0  0,0  0,0  0,0  0,0  0,0  0,0  0,0  0,0  0,0  0,0  0,0  0,0  0,0  0,0  0,0  0,0
  0,0  0,0  0,0  0,0  0,0  0,0  0,0  0,0  0,0  0,0  0,0  0,0  0,0  0,0  0,0  0,0  0,0  0,0  0,0  0,0  0,0  0,0  0,0  0,0  0,0  0,0  0,0  0,0  0,0  0,0  0,0  0,0  0,0  0,0  0,0  0,0  0,0  0,0  0,0  0,0  0,0  0,0  0,0  0,0  0,0  0,0  0,0  0,0  0,0  0,0
  0,0  0,0  0,0  0,0  0,0  0,0  0,0  0,0  0,0  0,0  0,0  0,0  0,0  0,0  0,0  0,0  0,0  0,0  0,0  0,0  0,0  0,0  0,0  0,0  0,0  0,0  0,0  0,0  0,0  0,0  0,0  0,0  0,0  0,0  0,0  0,0  0,0  0,0  0,0  0,0  0,0  0,0  0,0  0,0  0,0  0,0  0,0  0,0  0,0  0,0
  0,0  0,0  0,0  0,0  0,0  0,0  0,0  0,0  0,0  0,0  0,0  0,0  0,0  0,0  0,0  0,0  0,0  0,0  0,0  0,0  0,0  0,0  0,0  0,0  0,0  0,0  0,0  0,0  0,0  0,0  0,0  0,0  0,0  0,0  0,0  0,0  0,0  0,0  0,0  0,0  0,0  0,0  0,0  0,0  0,0  0,0  0,0  0,0  0,0  0,0